4.41726781784636,1001,243,0
17.5083691287379,1001,243,0
33.4378212571351,1001,243,0
53.2118529019062,1001,243,0
70.2756398769986,1002,242,0
90.021449874544,1002,242,0
115.263273797179,1002,242,0
132.292352141682,1002,242,0
149.843896718542,1002,242,0
171.98909992013,1002,242,0
189.701507415993,1003,242,0
211.403207228265,1006,239,0
231.083995425971,1007,239,0
250.946188331718,1008,239,0
271.416069928517,1008,239,0
292.1056461002,1008,239,0
311.387245679051,1008,239,0
331.077104657205,1008,239,0
350.125782591359,1008,239,0
371.061892136923,1008,239,0
391.466020478825,1008,239,0
410.006957535137,1008,239,0
430.751464538844,1008,239,0
450.22686838837,1009,239,0
471.634194041815,1009,239,0
492.465233886213,1009,239,0
512.071857879961,1009,238,0
529.74036565789,1009,238,0
551.432804205447,1009,238,0
572.381867722672,1006,237,0
589.885927939548,999,233,0
610.699214788782,995,231,0
631.018512628151,991,229,0
649.805476737257,988,227,0
670.354619978979,983,224,0
691.157702976502,979,224,0
709.311132597505,973,223,0
730.443910210007,966,223,0
751.972510924754,955,223,0
770.528920031163,944,223,0
790.130793582473,936,223,0
809.405800303988,927,223,0
829.64593097718,921,222,0
851.381147375288,917,222,0
870.262671294735,912,222,0
891.120988430709,905,222,0
910.386395741146,901,222,0
930.626016915532,901,222,0
951.270048871436,901,222,0
971.026509562045,901,222,0
991.450745448904,901,221,0
1010.000080281,903,221,0
1029.59595404085,910,221,0
1049.72802234645,918,221,0
1070.32255741054,925,221,0
1091.92227642678,930,220,0
1111.30808306136,934,220,0
1129.38174218872,939,220,0
1150.47313934508,940,221,0
1171.21184970289,938,221,0
1191.53075873812,928,226,0
1210.03610454589,914,233,0
1229.91803995137,894,240,0
1250.6951420429,874,242,0
1272.07650939084,848,243,0
1290.57574310677,808,244,0
1310.45213692911,752,245,0
1330.91623371662,686,248,0
1351.40313820595,636,254,0
1372.36958735833,610,260,0
1389.88016180697,595,261,0
1409.85071782993,575,263,0
1430.66727376967,553,265,0
1449.64733898538,527,269,0
1469.75020576775,507,273,0
1490.6256663819,492,276,0
1509.62860615271,478,277,0
1530.5753297136,462,283,0
1550.45195080771,447,290,0
1570.09756515873,436,301,0
1590.76945725198,427,314,0
1609.38681104725,420,328,0
1630.47523762023,415,346,0
1651.21275555035,409,366,0
1671.51293177888,405,382,0
1689.47792702742,399,401,0
1710.78220607231,395,418,0
1730.75894116494,394,438,0
1751.33523335614,394,459,0
1770.79408110103,395,481,0
1791.05778293416,397,502,0
1811.46424649275,406,529,0
1830.82850991028,417,555,0
1851.3652669156,425,584,0
1869.96159540735,431,607,0
1890.71317200574,435,624,0
1910.51401133908,438,634,0
1930.94184688695,438,639,0
1949.77095963396,437,643,0
1969.80357410266,434,646,0
1991.44372036926,433,648,0
2011.10148537528,433,648,0
2030.136759486,433,648,0
2050.25541979976,433,648,0
2071.11785788402,434,649,0
2090.69621246364,440,650,0
2110.20301548606,448,652,0
2130.81310885522,455,653,0
2150.54740693996,466,656,0
2172.0153538282,486,659,0
2189.40730084175,507,662,0
2209.64657877512,522,666,0
2229.44334372071,529,669,0
2250.49863955642,534,676,0
2271.21732048185,535,683,0
2290.18891175475,535,689,0
2309.43196676275,533,694,0
2330.49393001718,532,697,0
2351.99321683276,530,700,0
2370.53824242151,528,704,0
2389.58924539229,526,705,0
2411.3702473406,522,708,0
2430.80984539547,518,713,0
2450.25207201854,516,715,0
2483.93341985855,515,716,0
2502.70568921457,515,716,0
2521.64629060604,515,716,0
2541.71831144782,514,717,0
2563.79804477601,513,718,0
2581.90290904484,513,719,0
2603.13368550786,512,719,0
2623.90689713258,512,719,0
2644.24070072781,512,719,0
2662.10220537947,511,722,0
2681.65600508243,511,723,0
2701.72250528951,510,723,0
2723.88834715057,510,723,0
2741.94356574941,510,723,0
2763.89128973456,512,719,0
2785.29372561161,511,719,0
2804.47046475609,511,719,0
2823.8622591097,511,720,0
2841.66157537061,511,720,0
2861.19553567194,511,720,0
2883.83011107582,511,720,1
2904.20755137905,511,720,0
2924.37049632993,511,721,0
2942.16064306148,511,721,0
2961.41098844599,511,721,0
2986.02058799896,511,721,0
3002.2166305686,511,721,0
3024.82506231519,511,721,0
3041.8791152372,510,721,0
3061.28944992161,510,721,0
3082.99877606495,510,721,0
3101.8021850458,509,719,0
3121.78561271801,502,713,0
3141.7784582697,494,701,0
3161.77536961908,482,679,0
3184.07013575896,469,653,0
3202.02541216576,450,620,0
3221.88198221481,428,587,0
3243.86579697331,411,565,0
3262.19254258731,398,552,0
3284.24282625081,387,540,0
3301.83291755181,379,529,0
3321.79888026426,370,518,0
3341.52505643818,359,504,0
3361.66597338175,357,496,0
3381.72680870923,351,487,0
3401.75307196029,346,479,0
3421.76441008215,341,469,0
3443.81712749815,335,460,0
3464.54964211909,331,453,0
3485.11434790426,329,448,0
3506.79536631364,326,444,0
3522.33689564268,326,444,0
3543.93997167975,326,444,0
3564.34354567417,326,444,0
3581.87826430886,326,444,0
3603.24251823877,326,444,0
3623.33214167596,325,444,0
3643.99257274879,317,437,0
3661.72024628765,309,431,0
3681.75023889384,296,420,0
3701.50405744669,282,411,0
3721.65690789615,267,405,0
3741.72289504369,259,401,0
3761.75138238969,257,400,0
3781.23430630716,256,400,0
3802.97594913553,257,399,0
3821.53277814026,268,398,0
3842.42325235037,288,397,0
3861.28393828395,310,399,0
3884.78824557223,332,400,0
3901.86182827282,346,405,0
3921.5522317559,350,406,0
3941.67770525239,350,406,0
3962.23477401874,348,408,0
3981.1990799634,338,409,0
4001.5252459072,322,413,0
4021.66605517752,299,415,0
4041.72684402132,278,415,0
4061.75308720489,276,415,0
4083.90100666212,276,415,0
4101.67902062384,286,416,0
4121.73244134094,311,419,0
4141.75550362667,350,423,0
4161.76545985812,383,426,0
4181.76975806801,404,429,0
4205.13440938235,406,429,0
4222.28349588953,396,429,0
4241.99339967429,374,426,0
4261.86816208536,349,422,0
4281.81409570029,331,420,0
4301.79075467289,323,419,0
4323.82803295147,323,419,0
4347.03175094484,326,419,0
4366.07645634432,342,420,0
4386.11155426562,377,423,0
4407.85818526525,405,420,0
4428.18805267937,434,419,0
4446.61923903059,449,419,0
4468.06834349322,454,419,0
4488.27878019797,463,420,0
4506.44103097072,483,419,0
4526.04988879201,508,416,0
4547.08309353126,542,411,0
4566.5461301325,584,405,0
4585.66094249381,614,397,0
4605.93217256372,625,392,0
4625.60175678586,624,389,0
4647.84779471529,613,383,0
4665.59072611014,597,376,0
4685.90185941198,574,371,0
4706.67412026425,535,369,0
4725.71856730157,487,367,0
4745.95704979964,450,362,0
4766.06000520372,438,359,0
4787.08728126212,437,357,0
4806.12364034311,442,354,0
4827.86318834748,465,351,0
4847.23060116108,515,354,0
4868.12716436507,566,357,0
4886.59182537488,619,359,0
4908.5609678953,628,359,0
4926.33962744351,619,361,0
4947.22594143102,591,364,0
4966.60779907407,535,366,0
4986.3409405136,474,362,0
5006.22573486478,429,354,0
5027.15588574722,419,347,0
5045.93547186258,444,338,0
5068.28926761869,509,331,0
5087.75305999533,604,329,0
5106.38785305206,677,332,0
5127.22299524767,703,340,0
5146.60652717572,697,353,0
5167.64769871038,666,370,0
5186.99992247771,607,381,0
5206.85792020058,552,376,0
5227.96627407254,500,355,0
5247.05604817699,475,333,0
5266.10957831738,478,319,0
5287.10780225948,515,307,0
5307.22113059369,586,303,0
5326.15821353165,682,311,0
5346.14684970376,764,325,0
5366.14194381967,783,339,0
5387.12120009428,739,353,0
5406.13891156876,656,360,0
5427.11994488135,582,357,0
5445.91929025969,534,346,0
5467.02903172358,520,326,0
5487.09818817192,533,300,0
5507.33436390372,579,286,0
5526.83800895492,647,286,0
5546.22126836535,710,299,0
5567.4813784277,733,320,0
5586.71807391361,714,341,0
5606.73912992054,669,354,0
5626.39763742207,618,358,0
5645.88760139582,565,351,0
5666.80586763828,547,338,0
5685.41527360598,546,321,0
5706.82688815198,566,314,0
5726.4355235741,614,315,0
5746.26656736734,666,326,0
5767.17278853212,715,349,0
5786.93254829541,719,361,0
5806.83569240432,695,370,0
5826.97927769299,648,372,0
5845.85595787948,609,368,0
5866.79808001395,579,357,0
5887.51133791003,576,348,0
5906.73100773741,583,345,0
5926.39413099014,598,347,0
5946.02964157684,604,350,0
5968.03432351355,605,355,0
5986.55002577558,596,370,0
6006.31599917267,570,387,0
6027.19325103431,541,400,0
6047.25960206923,507,408,0
6067.58385939276,471,413,0
6086.97236237249,434,415,0
6107.80563361467,405,417,0
6127.20575417725,371,417,0
6146.1769802285,337,409,0
6165.93589530787,309,398,0
6186.68820956545,286,382,0
6205.94396688322,280,371,0
6227.99885811645,279,363,0
6248.4588289774,281,362,0
6266.74115024285,283,362,0
6286.39850961648,288,371,0
6306.87971068985,293,387,0
6326.45832761958,295,408,0
6345.62141129825,295,432,0
6365.9151065306,294,450,0
6387.02729985145,293,465,0
6407.82935070247,293,477,0
6429.07324667116,292,491,0
6446.61363450303,290,503,0
6468.06602347564,286,512,0
6486.34524182623,283,522,0
6505.86498166572,277,536,0
6525.80120224502,273,546,0
6546.9801486969,269,556,0
6567.39282507813,265,565,0
6586.04214870718,263,573,0
6613.81620599209,258,591,0
6634.66647698105,254,602,0
6654.81709085653,252,613,0
6673.42652966472,251,620,0
6694.75364035324,251,631,0
6716.66985480957,250,644,0
6734.55091187689,248,656,0
6755.56677895126,247,664,0
6776.23921705863,246,669,0
6794.44497553492,244,676,0
6814.95971817811,242,682,0
6834.69521465245,238,690,0
6855.94790956174,236,694,0
6874.21192909948,240,694,0
6895.31701155503,236,698,0
6916.77971593934,235,705,0
6935.53672815884,234,710,0
6956.52297265764,234,712,0
6976.30432005696,233,714,0
7001.77582303455,233,715,0
7020.1464394817,233,715,0
7038.78662821153,233,715,0
7058.86905578478,232,715,0
7080.25794321002,232,715,0
7098.88865864181,232,715,0
7118.54002187013,232,716,0
7139.27216531632,232,716,0
7159.37657975263,232,716,0
7180.1770762816,231,716,0
7198.22447199387,231,716,0
7218.50972279155,231,716,0
7238.46932828588,231,717,0
7259.61223088495,231,720,0
7278.77779831465,231,724,0
7299.92920820552,231,725,0
7319.21443659648,231,725,1
7348.83614980993,231,725,0
7367.30294297616,231,725,0
7389.03173233141,231,725,0
7406.14663317179,231,725,0
7427.45653635018,231,725,0
7447.99877623955,231,725,0
7466.10912675504,231,725,0
7487.33159035443,231,725,0
7507.94705432298,231,725,0
7527.0684769319,231,724,0
7546.11517409732,235,722,0
7566.12826912703,242,715,0
7586.13392238916,253,703,0
7606.13636296192,269,687,0
7627.11888987491,302,652,0
7645.55620514471,332,623,0
7665.4394476946,367,594,0
7686.83039889048,405,572,0
7706.43703919686,441,555,0
7725.83088281958,473,545,0
7746.00553759071,487,543,0
7767.06473416633,494,545,0
7785.8944328211,502,556,0
7808.87031298293,507,567,0
7826.09278195984,507,575,0
7846.75315345001,502,586,0
7865.52569781902,493,592,0
7885.87378601438,480,596,0
7905.80500317499,462,600,0
7925.9943650758,431,600,0
7946.07611460112,397,594,0
7966.11140673148,364,580,0
7986.12664271555,328,557,0
8006.13322025021,296,528,0
8026.13605984114,276,502,0
8045.77467560144,266,482,0
8065.98127234315,265,469,0
8085.85140615424,270,463,0
8106.01439773026,281,457,0
8127.06840185808,299,453,0
8146.89685755295,318,454,0
8167.00459726163,328,455,0
8185.63890499451,333,457,0
8205.92265874337,336,460,0
8227.97516973524,338,463,0
8247.08113529239,345,465,0
8266.12087325225,345,466,0
8288.56253558411,345,466,0
8308.30519555154,345,466,0
8327.20236414609,344,466,0
8347.03525257516,344,467,0
8367.38527532366,342,468,0
8386.67658519226,342,470,0
8405.92312755137,341,473,0
8427.04613404457,341,477,0
8447.14779752561,340,484,0
8466.57406352777,336,488,0
8486.32637652325,331,490,0
8506.34808714762,326,491,0
8525.57177789357,323,490,0
8546.675131181,319,487,0
8566.37000849273,316,480,0
8585.58164750837,319,473,0
8605.89794008405,326,470,0
8627.02019372924,347,469,0
8645.87437944597,366,472,0
8665.80525936566,376,475,0
8685.54696702269,376,476,0
8708.73806666371,374,479,0
8725.80896720104,367,483,0
8747.5138719102,358,485,0
8767.0974208758,345,485,0
8788.2662888644,337,481,0
8807.05692800908,330,472,0
8826.88253008837,328,464,0
8847.76116395107,333,458,0
8867.30486537043,348,457,0
8886.64187136927,358,460,0
8906.98045130342,361,463,0
8927.18290936875,361,466,0
8945.94763866774,356,470,0
8965.83688614263,343,474,0
8986.99492019529,329,477,0
9007.81537206416,322,478,0
9028.16956976992,321,477,0
9049.18671443584,322,474,0
9069.36338862842,331,472,0
9086.30235934776,343,470,0
9108.14721617339,353,472,0
9126.60085327089,354,475,0
9146.33794193727,352,481,0
9166.90553131398,343,484,0
9187.43729032543,334,486,0
9208.00634790459,329,485,0
9228.85258935042,326,482,0
9246.51002687951,327,475,0
9267.60603851699,337,471,0
9286.5528348096,347,470,0
9306.31721186222,359,470,0
9325.76798230295,362,472,0
9346.61870127605,359,476,0
9365.69361609246,351,480,0
9387.25358538879,343,482,0
9408.33093381651,342,482,0
9427.46528544969,342,482,0
9448.38607460268,343,482,0
9465.84347050011,352,481,0
9486.99764581756,365,482,0
9506.86500116546,375,485,0
9526.4519773631,376,491,0
9546.2736706412,378,502,0
9566.82803307485,380,517,0
9585.7878632387,383,532,0
9606.98773901735,390,546,0
9626.05745593207,395,563,0
9645.74074146671,402,580,0
9665.74756644368,413,601,0
9686.95794593301,424,618,0
9707.15366100141,433,634,0
9727.54000464545,439,646,0
9746.32746932254,447,659,0
9766.85030326359,454,671,0
9787.75293941288,458,678,0
9806.20428245161,464,689,0
9827.14700543123,468,698,0
9847.5744950047,469,706,0
9866.34299786599,468,713,0
9887.00834030146,464,720,0
9907.13215264787,457,724,0
9926.14384272076,448,725,0
9947.14141910588,439,725,0
9969.34491896437,432,723,0
9988.04850302821,426,719,0
10006.3373536211,422,712,0
10027.2020907974,418,704,0
10046.5975025045,416,699,0
10066.6848452333,416,696,0
10086.3742021513,417,693,0
10106.2400942638,422,689,0
10126.1821984775,428,686,0
10146.1572042573,441,685,0
10167.1471874218,447,685,0
10186.5738001395,452,688,0
10207.3270362482,455,691,0
10226.6514427705,455,695,0
10248.2917207136,454,699,0
10266.4468571599,453,705,0
10289.1033812164,451,708,0
10306.6277839027,448,711,0
10329.457032942,446,713,0
10346.7938378306,444,715,0
10366.4212554026,443,718,0
10386.8077197659,443,719,0
10410.3704537074,442,719,0
10430.5884945545,442,719,0
10451.2545163334,442,719,0
10470.2025980811,442,719,0
10490.8359246213,442,719,0
10510.2633306948,442,719,0
10530.8380765877,442,719,0
10549.7242392856,442,719,0
10572.4283278583,442,719,0
10591.793824508,442,719,0
10611.7534676998,442,719,0
10629.5908684655,442,719,0
10651.1117896477,442,719,1
10674.8485303959,442,719,0
10696.2616262856,442,719,0
10716.9506434083,442,719,0
10735.5313942179,442,719,0
10762.4368048455,442,719,0
10781.5302103943,442,718,0
10804.8859979051,441,716,0
10822.6518661443,436,704,0
10842.4009005045,433,682,0
10861.2738748454,436,657,0
10881.298406074,446,632,0
10901.3089964635,469,605,0
10922.330616991,494,588,0
10941.2422312031,530,573,0
10961.5438747515,562,566,0
10981.6740974456,579,561,0
11001.7303159531,595,561,0
11021.7545860744,604,561,0
11041.5059341703,609,561,0
11061.6577180975,615,561,0
11082.4749717673,630,557,0
11103.6225234788,671,550,0
11121.553639552,716,538,0
11141.6783130128,766,522,0
11161.7321358578,812,504,0
11181.7553717464,835,490,0
11204.0618575561,839,485,0
11224.3075987734,840,485,0
11242.1323247876,840,484,0
11262.4229656733,839,478,0
11283.6000719008,839,472,0
11302.810250908,838,466,0
11321.4581760723,838,460,0
11342.3923705129,840,451,0
11363.8353351628,843,440,0
11382.1788278114,847,426,0
11401.4188389939,851,421,0
11421.6201181933,857,420,0
11444.1050931555,870,426,0
11462.3002805536,888,440,0
11481.7415162195,901,456,0
11501.5002917764,898,469,0
11522.4098044844,887,481,0
11543.5943900771,870,492,0
11564.1057881433,841,504,0
11582.780102417,809,518,0
11603.7542515914,778,529,0
11624.1748020413,744,536,0
11642.0725359113,710,540,0
11661.6431964608,680,546,0
11683.7669506135,653,552,0
11702.8822942044,637,556,0
11721.74974159,634,558,0
11741.2335979567,634,559,0
11761.2810181173,634,566,0
11781.5606194705,635,574,0
11801.6813263171,638,580,0
11821.733436733,640,589,0
11843.44169583,639,595,0
11861.4722257871,636,604,0
11884.2923439913,630,615,0
11901.8552118509,622,622,0
11922.556725131,612,630,0
11943.6578172663,595,635,0
11962.0989041914,576,640,0
11981.9137094956,562,638,0
12001.8337589966,541,631,0
12025.1598131525,517,616,0
12043.0236170929,496,591,0
12063.8593794396,487,573,0
12084.2201868397,483,557,0
12101.8227246432,487,544,0
12121.7944798784,498,539,0
12141.7822863161,525,537,0
12161.5178926561,549,542,0
12181.6628807017,565,552,0
12203.7750989872,574,564,0
12222.1517077671,585,582,0
12245.0477641425,591,597,0
12262.2428124109,594,613,0
12284.6113315413,593,629,0
12302.5282035134,587,641,0
12322.0990425307,581,651,0
12341.6546396473,570,661,0
12370.4594514242,562,666,0
12390.1008032538,558,669,0
12409.9459710644,555,674,0
12429.8791283789,554,677,0
12449.8502716882,552,681,0
12469.8378139511,550,687,0
12490.6619321551,548,693,0
12511.0030793263,547,697,0
12529.2385304791,547,701,0
12549.2671849772,545,705,0
12570.4257179091,544,706,0
12590.3801661918,544,706,0
12611.1717122142,543,708,0
12629.8744515604,542,710,0
12650.6770984465,542,711,0
12670.4977699938,542,711,0
12690.1173457835,542,711,0
12710.7776455242,542,712,0
12730.5320970468,542,712,0
12749.5864785693,542,714,0
12771.1099724318,542,715,0
12791.4867772481,542,715,0
12812.404210089,542,715,0
12831.7829660004,541,716,0
12850.9661044758,542,719,0
12870.627888751,541,719,0
12892.0486696099,541,719,0
12911.8920226982,541,719,0
12931.7941172506,541,719,0
12950.448602111,541,719,0
12970.3948944266,541,719,0
12990.9189409773,541,719,1
13010.2991697293,541,719,0
13030.8529123056,541,720,0
13049.7309187489,541,720,0
13071.4148814142,541,720,0
13090.0076512369,541,719,0
13110.7322370087,541,714,0
13130.781724518,545,697,0
13150.2399319398,550,681,0
13170.8283905754,556,671,0
13192.1316681772,563,662,0
13210.6005771656,574,659,0
13229.6173102719,587,658,0
13250.2767276851,601,659,0
13270.0219194927,616,662,0
13290.2027897423,625,665,0
13311.6242265857,635,669,0
13330.0781864367,645,675,0
13349.9362071465,656,680,0
13369.8749131928,663,688,0
13389.8484519479,669,695,0
13409.8370283501,673,705,0
13429.8320966627,676,714,0
13450.6595654597,680,725,0
13469.6438684844,684,733,0
13489.748707516,686,740,0
13511.4362573524,686,740,0
13529.9935573267,686,740,0
13549.8996718691,686,740,0
13572.2597101622,686,740,0
13591.717908012,686,740,0
13612.4998876337,686,740,0